# Relative velocity [km/s], Impact Parameter [pc]
1.000000000000000000e+01 1.000000000000000048e-04
1.023411402105453227e+01 1.000000000000000048e-04
1.047370897959449820e+01 1.000000000000000048e-04
1.071891319205127502e+01 1.000000000000000048e-04
1.096985797892383552e+01 1.000000000000000048e-04
1.122667773510813660e+01 1.000000000000000048e-04
1.148951000187309113e+01 1.000000000000000048e-04
1.175849554052156876e+01 1.000000000000000048e-04
1.203377840777589292e+01 1.000000000000000048e-04
1.231550603292825485e+01 1.000000000000000048e-04
1.260382929679727404e+01 1.000000000000000048e-04
1.289890261253308701e+01 1.000000000000000048e-04
1.320088400831418163e+01 1.000000000000000048e-04
1.350993521198026492e+01 1.000000000000000048e-04
1.382622173764655749e+01 1.000000000000000048e-04
1.414991297434575834e+01 1.000000000000000048e-04
1.448118227674533820e+01 1.000000000000000048e-04
1.482020705798858629e+01 1.000000000000000048e-04
1.516716888470922520e+01 1.000000000000000048e-04
1.552225357427047214e+01 1.000000000000000048e-04
1.588565129428052636e+01 1.000000000000000048e-04
1.625755666443794212e+01 1.000000000000000048e-04
1.663816886076129009e+01 1.000000000000000048e-04
1.702769172225899652e+01 1.000000000000000048e-04
1.742633386009649854e+01 1.000000000000000048e-04
1.783430876931909381e+01 1.000000000000000048e-04
1.825183494319043476e+01 1.000000000000000048e-04
1.867913599020782911e+01 1.000000000000000048e-04
1.911644075385701669e+01 1.000000000000000048e-04
1.956398343517063765e+01 1.000000000000000048e-04
2.002200371815584390e+01 1.000000000000000048e-04
2.049074689815846995e+01 1.000000000000000048e-04
2.097046401323232701e+01 1.000000000000000048e-04
2.146141197858403515e+01 1.000000000000000048e-04
2.196385372416545678e+01 1.000000000000000048e-04
2.247805833548725118e+01 1.000000000000000048e-04
2.300430119772918047e+01 1.000000000000000048e-04
2.354286414322417897e+01 1.000000000000000048e-04
2.409403560239524467e+01 1.000000000000000048e-04
2.465811075822603726e+01 1.000000000000000048e-04
2.523539170434765921e+01 1.000000000000000048e-04
2.582618760682676040e+01 1.000000000000000048e-04
2.643081486974105587e+01 1.000000000000000048e-04
2.704959730463134449e+01 1.000000000000000048e-04
2.768286630392066527e+01 1.000000000000000048e-04
2.833096101839324277e+01 1.000000000000000048e-04
2.899422853882876794e+01 1.000000000000000048e-04
2.967302408188869478e+01 1.000000000000000048e-04
3.036771118035457562e+01 1.000000000000000048e-04
3.107866187782013867e+01 1.000000000000000048e-04
3.180625692794119175e+01 1.000000000000000048e-04
3.255088599835058005e+01 1.000000000000000048e-04
3.331294787934673707e+01 1.000000000000000048e-04
3.409285069746810848e+01 1.000000000000000048e-04
3.489101213406773638e+01 1.000000000000000048e-04
3.570785964900462517e+01 1.000000000000000048e-04
3.654383070957256052e+01 1.000000000000000048e-04
3.739937302478797676e+01 1.000000000000000048e-04
3.827494478516311460e+01 1.000000000000000048e-04
3.917101490809260866e+01 1.000000000000000048e-04
4.008806328898464244e+01 1.000000000000000048e-04
4.102658105827192259e+01 1.000000000000000048e-04
4.198707084443910276e+01 1.000000000000000048e-04
4.297004704320839608e+01 1.000000000000000048e-04
4.397603609302721139e+01 1.000000000000000048e-04
4.500557675700497384e+01 1.000000000000000048e-04
4.605922041145105794e+01 1.000000000000000048e-04
4.713753134116723942e+01 1.000000000000000048e-04
4.824108704165368522e+01 1.000000000000000048e-04
4.937047852839003781e+01 1.000000000000000048e-04
5.052631065335679494e+01 1.000000000000000048e-04
5.170920242896757912e+01 1.000000000000000048e-04
5.291978735958441860e+01 1.000000000000000048e-04
5.415871378079470588e+01 1.000000000000000048e-04
5.542664520663107197e+01 1.000000000000000048e-04
5.672426068491977702e+01 1.000000000000000048e-04
5.805225516094898808e+01 1.000000000000000048e-04
5.941133984965033932e+01 1.000000000000000048e-04
6.080224261649424022e+01 1.000000000000000048e-04
6.222570836730231036e+01 1.000000000000000048e-04
6.368249944718586164e+01 1.000000000000000048e-04
6.517339604882423032e+01 1.000000000000000048e-04
6.669919663030121626e+01 1.000000000000000048e-04
6.826071834272389083e+01 1.000000000000000048e-04
6.985879746785249722e+01 1.798526819304040571e-04
7.149428986597577307e+01 7.022744849649972159e-04
7.316807143427196536e+01 1.852662546984787037e-03
7.488103857590023438e+01 4.168851123936469921e-03
7.663410868007458987e+01 7.870812268653016100e-03
7.842822061337682271e+01 1.353630179662518307e-02
8.026433522257174502e+01 2.102426878252737844e-02
8.214343584919426178e+01 3.076856263588224893e-02
8.406652885618325399e+01 4.258447871952281139e-02
8.603464416684504101e+01 5.644638379384143978e-02
8.804883581643464652e+01 7.226106163221100720e-02
9.011018251665018397e+01 8.963172650455847323e-02
9.221978823334326592e+01 1.083603275881141470e-01
9.437878277775381264e+01 1.279252707514086651e-01
9.658832241158702914e+01 1.484183831245575180e-01
9.884959046625586154e+01 1.690174526650006226e-01
1.011637979766206996e+02 1.904947087656462534e-01
1.035321843295661637e+02 2.112731436660497675e-01
1.059560179277615930e+02 2.327617422836099625e-01
1.084365968689610895e+02 2.524593866896648331e-01
1.109752496412072134e+02 2.727714388043063209e-01
1.135733358343105124e+02 2.907908683553868112e-01
1.162322468679851823e+02 3.087171892642577298e-01
1.189534067370319548e+02 3.255534904327814782e-01
1.217382727739662016e+02 3.401468425855662114e-01
1.245883364295008136e+02 3.526836143095039566e-01
1.275051240713012817e+02 3.639363483321649828e-01
1.304901978014401607e+02 3.741660924954992584e-01
1.335451562929898728e+02 3.820009441728453581e-01
1.366716356462007411e+02 3.873533749941655557e-01
1.398713102647238600e+02 3.901144333362154271e-01
1.431458937523478596e+02 3.900332091244291810e-01
1.464971398307284858e+02 3.868279492850524859e-01
1.499268432786045651e+02 3.803423310605371643e-01
1.534368408930013175e+02 3.700892545720059768e-01
1.570290124729377510e+02 3.560225195838206402e-01
1.607052818261638549e+02 3.394545500094677815e-01
1.644676177994662680e+02 3.178989669537972684e-01
1.683180353330956791e+02 2.915847976241968675e-01
1.722585965398787380e+02 2.622979395269847136e-01
1.762914118095947913e+02 2.291182242656064905e-01
1.804186409392071653e+02 1.929925137114035794e-01
1.846424942895542642e+02 1.554282393587933520e-01
1.889652339691209590e+02 1.175514234551892911e-01
1.933891750455232170e+02 8.296373615363261678e-02
1.979166867853557505e+02 5.319250156004965563e-02
2.025501939230666437e+02 3.010686245769705199e-02
2.072921779595369856e+02 1.494353998967763199e-02
2.121451784910629783e+02 6.875120786661592827e-03
2.171117945694505238e+02 3.573953987715300547e-03
2.221946860939523845e+02 3.354124595229888376e-03
2.273965752357927386e+02 7.634443096843242064e-03
2.327202478960407177e+02 3.127831264778810350e-02
2.381685551976158308e+02 1.248783524506651144e-01
2.437444150122221629e+02 4.034002002589749947e-01
2.494508135230316554e+02 9.845147252781984992e-01
2.552908068239516695e+02 1.948590497393507315e+00
2.612675225563326649e+02 3.301198315682766893e+00
2.673841615839946826e+02 5.033115194247653967e+00
2.736439997074671737e+02 7.038433062580738309e+00
2.800503894183631246e+02 9.372542154619978305e+00
2.866067616948250247e+02 1.184267388299882207e+01
2.933166278390042407e+02 1.444993248102874261e+01
3.001835813575589214e+02 1.715749143278116051e+01
3.072112998861759365e+02 1.987115427239459819e+01
3.144035471591499800e+02 2.243514113791125197e+01
3.217641750250735413e+02 2.490919441586863670e+01
3.292971255097151584e+02 2.716527604304835464e+01
3.370064329271928045e+02 2.924474969293586213e+01
3.448962260405759821e+02 3.090660379418905634e+01
3.529707302730649872e+02 3.265655798133661847e+01
3.612342699709430462e+02 3.424585256269472922e+01
3.696912707195028247e+02 3.565560591114896738e+01
3.783462617131929164e+02 3.694317967548304438e+01
3.872038781812557318e+02 3.829994544920104005e+01
3.962688638701478112e+02 3.974365683194955068e+01
4.055460735840827624e+02 4.093304523231686431e+01
4.150404757850476472e+02 4.188051180414961294e+01
4.247571552536898594e+02 4.252801150654845230e+01
4.347013158125026280e+02 4.287504758220291734e+01
4.448782831127585382e+02 4.292012130577574425e+01
4.552935074866947502e+02 4.267514371915558513e+01
4.659525668664682030e+02 4.216378458454551037e+01
4.768611697714469528e+02 4.140893740440604631e+01
4.880251583654433603e+02 4.042768911872607873e+01
4.994505115855139934e+02 3.928382845440691540e+01
5.111433483440165446e+02 3.803892445634316744e+01
5.231099308056263908e+02 3.700628050738473007e+01
5.353566677410724424e+02 3.611353061715718127e+01
5.478901179593945017e+02 3.531629578062189978e+01
5.607169938205457811e+02 3.461176848498404723e+01
5.738441648302392650e+02 3.405359485287648624e+01
5.872786613189482523e+02 3.360029436026536587e+01
6.010276782070382069e+02 3.323414912008954047e+01
6.150985788580504732e+02 3.291212024084796894e+01
6.294988990221887661e+02 3.257901649797609167e+01
6.442363508721369953e+02 3.221004157583622174e+01
6.593188271333548300e+02 3.175674831308898050e+01
6.747544053110692630e+02 3.121724583842695822e+01
6.905513520162330678e+02 3.072734905976276920e+01
7.067181273927491247e+02 3.013420359394888948e+01
7.232633896483533817e+02 2.943225744885764783e+01
7.401959996915644524e+02 2.860366200871895259e+01
7.575250258771912968e+02 2.762216894741851547e+01
7.752597488629464806e+02 2.649921253044009362e+01
7.934096665797492278e+02 2.540359280513160556e+01
8.119844993184009354e+02 2.430242621084376253e+01
8.309941949353395785e+02 2.304139451694174667e+01
8.504489341802677700e+02 2.160312777218900848e+01
8.703591361485165407e+02 2.037071643488463124e+01
8.907354638610439679e+02 1.896285876239926083e+01
9.115888299750818078e+02 1.749157963362399215e+01
9.329304026284686415e+02 1.610809370992995682e+01
9.547716114208066074e+02 1.456991447227952641e+01
9.771241535346501905e+02 1.307947637178103761e+01
1.000000000000000000e+03 1.161633673546023715e+01
