# Relative velocity [km/s], Impact Parameter [pc]
1.000000000000000000e+01 1.000000000000000048e-04
1.023411402105453227e+01 1.000000000000000048e-04
1.047370897959449820e+01 1.000000000000000048e-04
1.071891319205127502e+01 1.000000000000000048e-04
1.096985797892383552e+01 1.000000000000000048e-04
1.122667773510813660e+01 1.000000000000000048e-04
1.148951000187309113e+01 1.000000000000000048e-04
1.175849554052156876e+01 1.000000000000000048e-04
1.203377840777589292e+01 1.000000000000000048e-04
1.231550603292825485e+01 1.000000000000000048e-04
1.260382929679727404e+01 1.000000000000000048e-04
1.289890261253308701e+01 1.000000000000000048e-04
1.320088400831418163e+01 1.000000000000000048e-04
1.350993521198026492e+01 1.000000000000000048e-04
1.382622173764655749e+01 1.000000000000000048e-04
1.414991297434575834e+01 1.000000000000000048e-04
1.448118227674533820e+01 1.000000000000000048e-04
1.482020705798858629e+01 1.000000000000000048e-04
1.516716888470922520e+01 1.000000000000000048e-04
1.552225357427047214e+01 1.000000000000000048e-04
1.588565129428052636e+01 1.000000000000000048e-04
1.625755666443794212e+01 1.000000000000000048e-04
1.663816886076129009e+01 1.000000000000000048e-04
1.702769172225899652e+01 1.000000000000000048e-04
1.742633386009649854e+01 1.000000000000000048e-04
1.783430876931909381e+01 1.000000000000000048e-04
1.825183494319043476e+01 1.000000000000000048e-04
1.867913599020782911e+01 1.000000000000000048e-04
1.911644075385701669e+01 1.000000000000000048e-04
1.956398343517063765e+01 1.000000000000000048e-04
2.002200371815584390e+01 1.000000000000000048e-04
2.049074689815846995e+01 1.000000000000000048e-04
2.097046401323232701e+01 1.000000000000000048e-04
2.146141197858403515e+01 1.000000000000000048e-04
2.196385372416545678e+01 1.000000000000000048e-04
2.247805833548725118e+01 1.000000000000000048e-04
2.300430119772918047e+01 1.000000000000000048e-04
2.354286414322417897e+01 1.000000000000000048e-04
2.409403560239524467e+01 1.000000000000000048e-04
2.465811075822603726e+01 1.000000000000000048e-04
2.523539170434765921e+01 1.000000000000000048e-04
2.582618760682676040e+01 1.000000000000000048e-04
2.643081486974105587e+01 1.000000000000000048e-04
2.704959730463134449e+01 1.000000000000000048e-04
2.768286630392066527e+01 1.000000000000000048e-04
2.833096101839324277e+01 1.000000000000000048e-04
2.899422853882876794e+01 1.000000000000000048e-04
2.967302408188869478e+01 1.000000000000000048e-04
3.036771118035457562e+01 1.000000000000000048e-04
3.107866187782013867e+01 1.000000000000000048e-04
3.180625692794119175e+01 1.000000000000000048e-04
3.255088599835058005e+01 1.000000000000000048e-04
3.331294787934673707e+01 1.000000000000000048e-04
3.409285069746810848e+01 1.000000000000000048e-04
3.489101213406773638e+01 1.000000000000000048e-04
3.570785964900462517e+01 1.000000000000000048e-04
3.654383070957256052e+01 1.000000000000000048e-04
3.739937302478797676e+01 1.000000000000000048e-04
3.827494478516311460e+01 1.000000000000000048e-04
3.917101490809260866e+01 1.000000000000000048e-04
4.008806328898464244e+01 1.000000000000000048e-04
4.102658105827192259e+01 1.000000000000000048e-04
4.198707084443910276e+01 1.000000000000000048e-04
4.297004704320839608e+01 1.000000000000000048e-04
4.397603609302721139e+01 1.000000000000000048e-04
4.500557675700497384e+01 1.000000000000000048e-04
4.605922041145105794e+01 1.000000000000000048e-04
4.713753134116723942e+01 1.000000000000000048e-04
4.824108704165368522e+01 1.000000000000000048e-04
4.937047852839003781e+01 1.000000000000000048e-04
5.052631065335679494e+01 1.000000000000000048e-04
5.170920242896757912e+01 1.000000000000000048e-04
5.291978735958441860e+01 1.000000000000000048e-04
5.415871378079470588e+01 1.000000000000000048e-04
5.542664520663107197e+01 1.000000000000000048e-04
5.672426068491977702e+01 1.000000000000000048e-04
5.805225516094898808e+01 1.000000000000000048e-04
5.941133984965033932e+01 1.000000000000000048e-04
6.080224261649424022e+01 1.000000000000000048e-04
6.222570836730231036e+01 1.000000000000000048e-04
6.368249944718586164e+01 1.000000000000000048e-04
6.517339604882423032e+01 1.000000000000000048e-04
6.669919663030121626e+01 1.000000000000000048e-04
6.826071834272389083e+01 1.000000000000000048e-04
6.985879746785249722e+01 4.206683458727420864e-04
7.149428986597577307e+01 1.477716644635536586e-03
7.316807143427196536e+01 3.646545945198607919e-03
7.488103857590023438e+01 7.742730229175555021e-03
7.663410868007458987e+01 1.393928953442567613e-02
7.842822061337682271e+01 2.297318933569889379e-02
8.026433522257174502e+01 3.464874752270190317e-02
8.214343584919426178e+01 4.924092590412083165e-02
8.406652885618325399e+01 6.628170142770235806e-02
8.603464416684504101e+01 8.636366889951622994e-02
8.804883581643464652e+01 1.082673798776218749e-01
9.011018251665018397e+01 1.319637685539059579e-01
9.221978823334326592e+01 1.571771033072688895e-01
9.437878277775381264e+01 1.832043407502366994e-01
9.658832241158702914e+01 2.096642812110240672e-01
9.884959046625586154e+01 2.371419348140798300e-01
1.011637979766206996e+02 2.642154258511441589e-01
1.035321843295661637e+02 2.906650042974031067e-01
1.059560179277615930e+02 3.176963364386466426e-01
1.084365968689610895e+02 3.429771713113626830e-01
1.109752496412072134e+02 3.668627847086263771e-01
1.135733358343105124e+02 3.910220314521968277e-01
1.162322468679851823e+02 4.127240958628176082e-01
1.189534067370319548e+02 4.316405988986302678e-01
1.217382727739662016e+02 4.512985717884814285e-01
1.245883364295008136e+02 4.685519446577887659e-01
1.275051240713012817e+02 4.831523763161756913e-01
1.304901978014401607e+02 4.952163851852795506e-01
1.335451562929898728e+02 5.047487294524996004e-01
1.366716356462007411e+02 5.116632291221806517e-01
1.398713102647238600e+02 5.158492515315050708e-01
1.431458937523478596e+02 5.170409055775521123e-01
1.464971398307284858e+02 5.149076907227676525e-01
1.499268432786045651e+02 5.092464552181180659e-01
1.534368408930013175e+02 4.994115229554644819e-01
1.570290124729377510e+02 4.846495429259454757e-01
1.607052818261638549e+02 4.640782983942736140e-01
1.644676177994662680e+02 4.367216815315350109e-01
1.683180353330956791e+02 4.063494781775110476e-01
1.722585965398787380e+02 3.679206946863869399e-01
1.762914118095947913e+02 3.256425471988619869e-01
1.804186409392071653e+02 2.777431565729387986e-01
1.846424942895542642e+02 2.266263926135826667e-01
1.889652339691209590e+02 1.740673370252012464e-01
1.933891750455232170e+02 1.246000782174879751e-01
1.979166867853557505e+02 8.051739931879493828e-02
2.025501939230666437e+02 4.598299434757478765e-02
2.072921779595369856e+02 2.304220431840060118e-02
2.121451784910629783e+02 1.064104078538859362e-02
2.171117945694505238e+02 5.801806446474682376e-03
2.221946860939523845e+02 6.203908049179361270e-03
2.273965752357927386e+02 1.616908764843779517e-02
2.327202478960407177e+02 6.693885966565459034e-02
2.381685551976158308e+02 2.453839260533917932e-01
2.437444150122221629e+02 7.069589874975141797e-01
2.494508135230316554e+02 1.553411757344355770e+00
2.552908068239516695e+02 2.838013774547891277e+00
2.612675225563326649e+02 4.535600078806279356e+00
2.673841615839946826e+02 6.594894091614734499e+00
2.736439997074671737e+02 8.931370093655095488e+00
2.800503894183631246e+02 1.153971815243377463e+01
2.866067616948250247e+02 1.429337913577916730e+01
2.933166278390042407e+02 1.718648039970869945e+01
3.001835813575589214e+02 2.015699806571079122e+01
3.072112998861759365e+02 2.306082368057569454e+01
3.144035471591499800e+02 2.573361490595181778e+01
3.217641750250735413e+02 2.851682035268036230e+01
3.292971255097151584e+02 3.074885198202688841e+01
3.370064329271928045e+02 3.298394466927474866e+01
3.448962260405759821e+02 3.492599442505900242e+01
3.529707302730649872e+02 3.654161858621116465e+01
3.612342699709430462e+02 3.805682120392619794e+01
3.696912707195028247e+02 3.985606443929246723e+01
3.783462617131929164e+02 4.155822350939273235e+01
3.872038781812557318e+02 4.314841603560457628e+01
3.962688638701478112e+02 4.457145320572801239e+01
4.055460735840827624e+02 4.592801622505676562e+01
4.150404757850476472e+02 4.727765802652352534e+01
4.247571552536898594e+02 4.820361715726802743e+01
4.347013158125026280e+02 4.870428209594972202e+01
4.448782831127585382e+02 4.877727460566745776e+01
4.552935074866947502e+02 4.843979220982048162e+01
4.659525668664682030e+02 4.772431892612991078e+01
4.768611697714469528e+02 4.665971191033587218e+01
4.880251583654433603e+02 4.529262466943981735e+01
4.994505115855139934e+02 4.415696241030016722e+01
5.111433483440165446e+02 4.292888804774973721e+01
5.231099308056263908e+02 4.167506955964807958e+01
5.353566677410724424e+02 4.050273137293784487e+01
5.478901179593945017e+02 3.952614457388804681e+01
5.607169938205457811e+02 3.875122328518172310e+01
5.738441648302392650e+02 3.825415077567538447e+01
5.872786613189482523e+02 3.796149018816419840e+01
6.010276782070382069e+02 3.782675124523841248e+01
6.150985788580504732e+02 3.776939844811720803e+01
6.294988990221887661e+02 3.769821417966819865e+01
6.442363508721369953e+02 3.759395794817098846e+01
6.593188271333548300e+02 3.741633142106620369e+01
6.747544053110692630e+02 3.713751929727240508e+01
6.905513520162330678e+02 3.674203519932523676e+01
7.067181273927491247e+02 3.621465302787898821e+01
7.232633896483533817e+02 3.554981963085774055e+01
7.401959996915644524e+02 3.473034947504904579e+01
7.575250258771912968e+02 3.372812969517536175e+01
7.752597488629464806e+02 3.255792312056529880e+01
7.934096665797492278e+02 3.121102562486444398e+01
8.119844993184009354e+02 3.004991767205378395e+01
8.309941949353395785e+02 2.870642996055192597e+01
8.504489341802677700e+02 2.716071616948592293e+01
8.703591361485165407e+02 2.554774935574028305e+01
8.907354638610439679e+02 2.403532165489782457e+01
9.115888299750818078e+02 2.230920176737605942e+01
9.329304026284686415e+02 2.063029870746883176e+01
9.547716114208066074e+02 1.886799360958550409e+01
9.771241535346501905e+02 1.701543265456133014e+01
1.000000000000000000e+03 1.518420514482371786e+01
