# Relative velocity [km/s], Impact Parameter [pc]
1.000000000000000000e+01 1.000000000000000048e-04
1.023411402105453227e+01 1.000000000000000048e-04
1.047370897959449820e+01 1.000000000000000048e-04
1.071891319205127502e+01 1.000000000000000048e-04
1.096985797892383552e+01 1.000000000000000048e-04
1.122667773510813660e+01 1.000000000000000048e-04
1.148951000187309113e+01 1.000000000000000048e-04
1.175849554052156876e+01 1.000000000000000048e-04
1.203377840777589292e+01 1.000000000000000048e-04
1.231550603292825485e+01 1.000000000000000048e-04
1.260382929679727404e+01 1.000000000000000048e-04
1.289890261253308701e+01 1.000000000000000048e-04
1.320088400831418163e+01 1.000000000000000048e-04
1.350993521198026492e+01 1.000000000000000048e-04
1.382622173764655749e+01 1.000000000000000048e-04
1.414991297434575834e+01 1.000000000000000048e-04
1.448118227674533820e+01 1.000000000000000048e-04
1.482020705798858629e+01 1.000000000000000048e-04
1.516716888470922520e+01 1.000000000000000048e-04
1.552225357427047214e+01 1.000000000000000048e-04
1.588565129428052636e+01 1.000000000000000048e-04
1.625755666443794212e+01 1.000000000000000048e-04
1.663816886076129009e+01 1.000000000000000048e-04
1.702769172225899652e+01 1.000000000000000048e-04
1.742633386009649854e+01 1.000000000000000048e-04
1.783430876931909381e+01 1.000000000000000048e-04
1.825183494319043476e+01 1.000000000000000048e-04
1.867913599020782911e+01 1.000000000000000048e-04
1.911644075385701669e+01 1.000000000000000048e-04
1.956398343517063765e+01 1.000000000000000048e-04
2.002200371815584390e+01 1.000000000000000048e-04
2.049074689815846995e+01 1.000000000000000048e-04
2.097046401323232701e+01 1.000000000000000048e-04
2.146141197858403515e+01 1.000000000000000048e-04
2.196385372416545678e+01 1.000000000000000048e-04
2.247805833548725118e+01 1.000000000000000048e-04
2.300430119772918047e+01 1.000000000000000048e-04
2.354286414322417897e+01 1.000000000000000048e-04
2.409403560239524467e+01 1.000000000000000048e-04
2.465811075822603726e+01 1.000000000000000048e-04
2.523539170434765921e+01 1.000000000000000048e-04
2.582618760682676040e+01 1.000000000000000048e-04
2.643081486974105587e+01 1.000000000000000048e-04
2.704959730463134449e+01 1.000000000000000048e-04
2.768286630392066527e+01 1.000000000000000048e-04
2.833096101839324277e+01 1.000000000000000048e-04
2.899422853882876794e+01 1.000000000000000048e-04
2.967302408188869478e+01 1.000000000000000048e-04
3.036771118035457562e+01 1.000000000000000048e-04
3.107866187782013867e+01 1.000000000000000048e-04
3.180625692794119175e+01 1.000000000000000048e-04
3.255088599835058005e+01 1.000000000000000048e-04
3.331294787934673707e+01 1.000000000000000048e-04
3.409285069746810848e+01 1.000000000000000048e-04
3.489101213406773638e+01 1.000000000000000048e-04
3.570785964900462517e+01 1.000000000000000048e-04
3.654383070957256052e+01 1.000000000000000048e-04
3.739937302478797676e+01 1.000000000000000048e-04
3.827494478516311460e+01 1.000000000000000048e-04
3.917101490809260866e+01 1.000000000000000048e-04
4.008806328898464244e+01 1.000000000000000048e-04
4.102658105827192259e+01 1.000000000000000048e-04
4.198707084443910276e+01 1.000000000000000048e-04
4.297004704320839608e+01 1.534021015456295311e-03
4.397603609302721139e+01 1.613897135144159306e-02
4.500557675700497384e+01 6.503779817139589137e-02
4.605922041145105794e+01 1.640439474851473345e-01
4.713753134116723942e+01 3.166043183995975729e-01
4.824108704165368522e+01 5.151553551773699891e-01
4.937047852839003781e+01 7.515944157788279067e-01
5.052631065335679494e+01 1.018908733905693920e+00
5.170920242896757912e+01 1.297722225128349782e+00
5.291978735958441860e+01 1.586996869245999697e+00
5.415871378079470588e+01 1.884323791280906546e+00
5.542664520663107197e+01 2.184205401930797930e+00
5.672426068491977702e+01 2.477024172023380988e+00
5.805225516094898808e+01 2.753945786489385039e+00
5.941133984965033932e+01 3.041619366921285650e+00
6.080224261649424022e+01 3.300015088195083823e+00
6.222570836730231036e+01 3.567164647414997614e+00
6.368249944718586164e+01 3.814817487919404559e+00
6.517339604882423032e+01 4.035994604432937116e+00
6.669919663030121626e+01 4.278476075398400802e+00
6.826071834272389083e+01 4.497253424707555070e+00
6.985879746785249722e+01 4.695217002024667075e+00
7.149428986597577307e+01 4.877826616606054877e+00
7.316807143427196536e+01 5.078933329230346239e+00
7.488103857590023438e+01 5.262881301559804825e+00
7.663410868007458987e+01 5.431915090527721368e+00
7.842822061337682271e+01 5.587988342415569853e+00
8.026433522257174502e+01 5.732814197979260840e+00
8.214343584919426178e+01 5.870758691079843494e+00
8.406652885618325399e+01 6.027513697557863814e+00
8.603464416684504101e+01 6.175342162870836482e+00
8.804883581643464652e+01 6.315702297770706686e+00
9.011018251665018397e+01 6.449780282967391365e+00
9.221978823334326592e+01 6.578855297738177121e+00
9.437878277775381264e+01 6.703618086682865851e+00
9.658832241158702914e+01 6.824971581146624722e+00
9.884959046625586154e+01 6.943435658831219826e+00
1.011637979766206996e+02 7.060601041044631820e+00
1.035321843295661637e+02 7.202587833329453737e+00
1.059560179277615930e+02 7.342614823745204689e+00
1.084365968689610895e+02 7.480959977376419268e+00
1.109752496412072134e+02 7.617102589691345571e+00
1.135733358343105124e+02 7.749772790480561113e+00
1.162322468679851823e+02 7.878013454160714524e+00
1.189534067370319548e+02 8.000658378481462663e+00
1.217382727739662016e+02 8.115831929225949537e+00
1.245883364295008136e+02 8.221640063675641485e+00
1.275051240713012817e+02 8.315782065003372026e+00
1.304901978014401607e+02 8.395517430283764071e+00
1.335451562929898728e+02 8.458000501295719786e+00
1.366716356462007411e+02 8.500595850564391043e+00
1.398713102647238600e+02 8.522734722152906173e+00
1.431458937523478596e+02 8.509245916402695897e+00
1.464971398307284858e+02 8.463064128762818328e+00
1.499268432786045651e+02 8.380789218175918265e+00
1.534368408930013175e+02 8.253638265295114351e+00
1.570290124729377510e+02 8.074090287245406117e+00
1.607052818261638549e+02 7.833049527802412371e+00
1.644676177994662680e+02 7.519395653512973787e+00
1.683180353330956791e+02 7.118824251961545890e+00
1.722585965398787380e+02 6.699669603975907606e+00
1.762914118095947913e+02 6.190644168756666232e+00
1.804186409392071653e+02 5.613129253243980266e+00
1.846424942895542642e+02 4.974142067595647809e+00
1.889652339691209590e+02 4.310791126043504562e+00
1.933891750455232170e+02 3.621903336490425396e+00
1.979166867853557505e+02 2.961335996197650200e+00
2.025501939230666437e+02 2.403329472257869082e+00
2.072921779595369856e+02 2.053058878966629308e+00
2.121451784910629783e+02 2.032379917820892334e+00
2.171117945694505238e+02 2.514516236937291094e+00
2.221946860939523845e+02 3.667578908969904905e+00
2.273965752357927386e+02 5.602165446656993453e+00
2.327202478960407177e+02 8.266895416961068221e+00
2.381685551976158308e+02 1.157232807041391531e+01
2.437444150122221629e+02 1.533638061422867338e+01
2.494508135230316554e+02 1.954560299788243682e+01
2.552908068239516695e+02 2.400959940112374724e+01
2.612675225563326649e+02 2.863280181893559018e+01
2.673841615839946826e+02 3.329112483490131069e+01
2.736439997074671737e+02 3.758857110221592279e+01
2.800503894183631246e+02 4.219550395609327609e+01
2.866067616948250247e+02 4.577533916118834867e+01
2.933166278390042407e+02 4.946093408505981159e+01
3.001835813575589214e+02 5.214610181344743012e+01
3.072112998861759365e+02 5.403062020472076199e+01
3.144035471591499800e+02 5.573976486521907958e+01
3.217641750250735413e+02 5.712396791075699554e+01
3.292971255097151584e+02 5.812391105234794964e+01
3.370064329271928045e+02 5.897137581924437910e+01
3.448962260405759821e+02 5.974841727255719093e+01
3.529707302730649872e+02 6.050895342720150438e+01
3.612342699709430462e+02 6.127059105980865183e+01
3.696912707195028247e+02 6.198643890357597996e+01
3.783462617131929164e+02 6.266104460267302301e+01
3.872038781812557318e+02 6.326512554568896007e+01
3.962688638701478112e+02 6.371278147475672426e+01
4.055460735840827624e+02 6.402514437995070296e+01
4.150404757850476472e+02 6.417502245746867118e+01
4.247571552536898594e+02 6.412286255648307076e+01
4.347013158125026280e+02 6.386594389780417913e+01
4.448782831127585382e+02 6.340724810749118490e+01
4.552935074866947502e+02 6.274025824891000980e+01
4.659525668664682030e+02 6.187441917719121420e+01
4.768611697714469528e+02 6.083788165821380289e+01
4.880251583654433603e+02 5.966599237037425496e+01
4.994505115855139934e+02 5.841604511733202543e+01
5.111433483440165446e+02 5.714983053713516625e+01
5.231099308056263908e+02 5.592992533236792951e+01
5.353566677410724424e+02 5.480257214080413775e+01
5.478901179593945017e+02 5.405735574510325847e+01
5.607169938205457811e+02 5.344143936981690501e+01
5.738441648302392650e+02 5.289365204382247043e+01
5.872786613189482523e+02 5.236276840878857541e+01
6.010276782070382069e+02 5.180244086047264318e+01
6.150985788580504732e+02 5.117206185902148263e+01
6.294988990221887661e+02 5.043686292613409705e+01
6.442363508721369953e+02 4.954083648028503006e+01
6.593188271333548300e+02 4.844239932824458350e+01
6.747544053110692630e+02 4.711368675486703239e+01
6.905513520162330678e+02 4.553290868807212632e+01
7.067181273927491247e+02 4.418998519338192921e+01
7.232633896483533817e+02 4.266702134289023718e+01
7.401959996915644524e+02 4.090341464341893385e+01
7.575250258771912968e+02 3.888198026279580688e+01
7.752597488629464806e+02 3.687395885755753966e+01
7.934096665797492278e+02 3.498080530740327276e+01
8.119844993184009354e+02 3.295982512897907668e+01
8.309941949353395785e+02 3.121475459776729267e+01
8.504489341802677700e+02 2.993517825637061947e+01
8.703591361485165407e+02 2.869582769147036672e+01
8.907354638610439679e+02 2.742084599922409183e+01
9.115888299750818078e+02 2.607938031780775745e+01
9.329304026284686415e+02 2.500675727919963975e+01
9.547716114208066074e+02 2.391861790001800969e+01
9.771241535346501905e+02 2.277886869501286071e+01
1.000000000000000000e+03 2.158514996182289281e+01
