# Relative velocity [km/s], Impact Parameter [pc]
1.000000000000000000e+01 1.000000000000000048e-04
1.023411402105453227e+01 1.000000000000000048e-04
1.047370897959449820e+01 1.000000000000000048e-04
1.071891319205127502e+01 1.000000000000000048e-04
1.096985797892383552e+01 1.000000000000000048e-04
1.122667773510813660e+01 1.000000000000000048e-04
1.148951000187309113e+01 1.000000000000000048e-04
1.175849554052156876e+01 1.000000000000000048e-04
1.203377840777589292e+01 1.000000000000000048e-04
1.231550603292825485e+01 1.000000000000000048e-04
1.260382929679727404e+01 1.000000000000000048e-04
1.289890261253308701e+01 1.000000000000000048e-04
1.320088400831418163e+01 1.000000000000000048e-04
1.350993521198026492e+01 1.000000000000000048e-04
1.382622173764655749e+01 1.000000000000000048e-04
1.414991297434575834e+01 1.000000000000000048e-04
1.448118227674533820e+01 1.000000000000000048e-04
1.482020705798858629e+01 1.000000000000000048e-04
1.516716888470922520e+01 1.000000000000000048e-04
1.552225357427047214e+01 1.000000000000000048e-04
1.588565129428052636e+01 1.000000000000000048e-04
1.625755666443794212e+01 1.000000000000000048e-04
1.663816886076129009e+01 1.000000000000000048e-04
1.702769172225899652e+01 1.000000000000000048e-04
1.742633386009649854e+01 1.000000000000000048e-04
1.783430876931909381e+01 1.000000000000000048e-04
1.825183494319043476e+01 1.000000000000000048e-04
1.867913599020782911e+01 1.000000000000000048e-04
1.911644075385701669e+01 1.000000000000000048e-04
1.956398343517063765e+01 1.000000000000000048e-04
2.002200371815584390e+01 1.000000000000000048e-04
2.049074689815846995e+01 1.000000000000000048e-04
2.097046401323232701e+01 1.000000000000000048e-04
2.146141197858403515e+01 1.000000000000000048e-04
2.196385372416545678e+01 1.000000000000000048e-04
2.247805833548725118e+01 1.000000000000000048e-04
2.300430119772918047e+01 1.000000000000000048e-04
2.354286414322417897e+01 1.000000000000000048e-04
2.409403560239524467e+01 1.000000000000000048e-04
2.465811075822603726e+01 1.000000000000000048e-04
2.523539170434765921e+01 1.000000000000000048e-04
2.582618760682676040e+01 1.000000000000000048e-04
2.643081486974105587e+01 1.000000000000000048e-04
2.704959730463134449e+01 1.000000000000000048e-04
2.768286630392066527e+01 1.000000000000000048e-04
2.833096101839324277e+01 1.000000000000000048e-04
2.899422853882876794e+01 1.000000000000000048e-04
2.967302408188869478e+01 1.000000000000000048e-04
3.036771118035457562e+01 1.000000000000000048e-04
3.107866187782013867e+01 1.000000000000000048e-04
3.180625692794119175e+01 1.000000000000000048e-04
3.255088599835058005e+01 1.000000000000000048e-04
3.331294787934673707e+01 1.000000000000000048e-04
3.409285069746810848e+01 1.000000000000000048e-04
3.489101213406773638e+01 1.000000000000000048e-04
3.570785964900462517e+01 1.000000000000000048e-04
3.654383070957256052e+01 1.000000000000000048e-04
3.739937302478797676e+01 1.000000000000000048e-04
3.827494478516311460e+01 1.000000000000000048e-04
3.917101490809260866e+01 1.000000000000000048e-04
4.008806328898464244e+01 1.000000000000000048e-04
4.102658105827192259e+01 1.000000000000000048e-04
4.198707084443910276e+01 1.000000000000000048e-04
4.297004704320839608e+01 1.000000000000000048e-04
4.397603609302721139e+01 1.000000000000000048e-04
4.500557675700497384e+01 1.000000000000000048e-04
4.605922041145105794e+01 1.000000000000000048e-04
4.713753134116723942e+01 1.000000000000000048e-04
4.824108704165368522e+01 1.000000000000000048e-04
4.937047852839003781e+01 1.000000000000000048e-04
5.052631065335679494e+01 1.000000000000000048e-04
5.170920242896757912e+01 1.000000000000000048e-04
5.291978735958441860e+01 1.000000000000000048e-04
5.415871378079470588e+01 1.000000000000000048e-04
5.542664520663107197e+01 1.000000000000000048e-04
5.672426068491977702e+01 1.000000000000000048e-04
5.805225516094898808e+01 1.000000000000000048e-04
5.941133984965033932e+01 1.000000000000000048e-04
6.080224261649424022e+01 1.000000000000000048e-04
6.222570836730231036e+01 1.000000000000000048e-04
6.368249944718586164e+01 1.000000000000000048e-04
6.517339604882423032e+01 1.000000000000000048e-04
6.669919663030121626e+01 1.000000000000000048e-04
6.826071834272389083e+01 1.000000000000000048e-04
6.985879746785249722e+01 1.000000000000000048e-04
7.149428986597577307e+01 1.000000000000000048e-04
7.316807143427196536e+01 1.000000000000000048e-04
7.488103857590023438e+01 1.000000000000000048e-04
7.663410868007458987e+01 1.000000000000000048e-04
7.842822061337682271e+01 1.000000000000000048e-04
8.026433522257174502e+01 1.000000000000000048e-04
8.214343584919426178e+01 1.000000000000000048e-04
8.406652885618325399e+01 1.104734870843015738e-04
8.603464416684504101e+01 1.831413526014369266e-04
8.804883581643464652e+01 2.698732352386700784e-04
9.011018251665018397e+01 3.920321976186305016e-04
9.221978823334326592e+01 5.374261580934876562e-04
9.437878277775381264e+01 6.974441640377270586e-04
9.658832241158702914e+01 9.082513040064840509e-04
9.884959046625586154e+01 1.134604365795224400e-03
1.011637979766206996e+02 1.361945715460270061e-03
1.035321843295661637e+02 1.638862285998487524e-03
1.059560179277615930e+02 1.967062870318990811e-03
1.084365968689610895e+02 2.294346753809336625e-03
1.109752496412072134e+02 2.644483617144458790e-03
1.135733358343105124e+02 3.046833969337532210e-03
1.162322468679851823e+02 3.525025832306968344e-03
1.189534067370319548e+02 4.010685695738583877e-03
1.217382727739662016e+02 4.563279561146521557e-03
1.245883364295008136e+02 5.192638550430239003e-03
1.275051240713012817e+02 5.903392003395017268e-03
1.304901978014401607e+02 6.742755633601808622e-03
1.335451562929898728e+02 7.705054186195342374e-03
1.366716356462007411e+02 8.752749549819176939e-03
1.398713102647238600e+02 9.955928867105707722e-03
1.431458937523478596e+02 1.120994384939623736e-02
1.464971398307284858e+02 1.244627815581478628e-02
1.499268432786045651e+02 1.374368276138462908e-02
1.534368408930013175e+02 1.487791418993530609e-02
1.570290124729377510e+02 1.582826578869854506e-02
1.607052818261638549e+02 1.640376082129236038e-02
1.644676177994662680e+02 1.648070206678787022e-02
1.683180353330956791e+02 1.590818215883579162e-02
1.722585965398787380e+02 1.462171978846480390e-02
1.762914118095947913e+02 1.259110339558695661e-02
1.804186409392071653e+02 1.005894608126062413e-02
1.846424942895542642e+02 7.166878930894599910e-03
1.889652339691209590e+02 4.431036405956640875e-03
1.933891750455232170e+02 2.212100853374472046e-03
1.979166867853557505e+02 8.134776600809375587e-04
2.025501939230666437e+02 1.866768106945237320e-04
2.072921779595369856e+02 1.000000000000000048e-04
2.121451784910629783e+02 1.000000000000000048e-04
2.171117945694505238e+02 1.000000000000000048e-04
2.221946860939523845e+02 1.000000000000000048e-04
2.273965752357927386e+02 2.835269229567019328e-04
2.327202478960407177e+02 6.708529796298919566e-03
2.381685551976158308e+02 5.467117898978691992e-02
2.437444150122221629e+02 2.366904392357043196e-01
2.494508135230316554e+02 6.498808345819420129e-01
2.552908068239516695e+02 1.454168008877704032e+00
2.612675225563326649e+02 2.442735730117337578e+00
2.673841615839946826e+02 3.697630905043225447e+00
2.736439997074671737e+02 5.358438892780544194e+00
2.800503894183631246e+02 6.959595382949114395e+00
2.866067616948250247e+02 8.850774174540310568e+00
2.933166278390042407e+02 1.038544382857454096e+01
3.001835813575589214e+02 1.233408092437643866e+01
3.072112998861759365e+02 1.475731938659551545e+01
3.144035471591499800e+02 1.671565167271610619e+01
3.217641750250735413e+02 1.917444114575368630e+01
3.292971255097151584e+02 2.118267779763856495e+01
3.370064329271928045e+02 2.361309915620634214e+01
3.448962260405759821e+02 2.643384532645062279e+01
3.529707302730649872e+02 2.905525378706723316e+01
3.612342699709430462e+02 3.142069713954381172e+01
3.696912707195028247e+02 3.375801845019829273e+01
3.783462617131929164e+02 3.559471072473107967e+01
3.872038781812557318e+02 3.701486986368379917e+01
3.962688638701478112e+02 3.818943187138562223e+01
4.055460735840827624e+02 3.913167878340821915e+01
4.150404757850476472e+02 3.970697070617556079e+01
4.247571552536898594e+02 4.005853302048082298e+01
4.347013158125026280e+02 4.021081518461402027e+01
4.448782831127585382e+02 4.013606839580683783e+01
4.552935074866947502e+02 3.982979483283821054e+01
4.659525668664682030e+02 3.931682696341007954e+01
4.768611697714469528e+02 3.862796402292315179e+01
4.880251583654433603e+02 3.780064550987260219e+01
4.994505115855139934e+02 3.713529506695694238e+01
5.111433483440165446e+02 3.654895642987446536e+01
5.231099308056263908e+02 3.596222174782399605e+01
5.353566677410724424e+02 3.520702999223318841e+01
5.478901179593945017e+02 3.429804032306150674e+01
5.607169938205457811e+02 3.329122590977119955e+01
5.738441648302392650e+02 3.215255220892224486e+01
5.872786613189482523e+02 3.105503511277150963e+01
6.010276782070382069e+02 3.027562316371812656e+01
6.150985788580504732e+02 2.940525494877340407e+01
6.294988990221887661e+02 2.841649203017335878e+01
6.442363508721369953e+02 2.720991335356001883e+01
6.593188271333548300e+02 2.598840352551413346e+01
6.747544053110692630e+02 2.506524879644217663e+01
6.905513520162330678e+02 2.417610057892643738e+01
7.067181273927491247e+02 2.326301623653850115e+01
7.232633896483533817e+02 2.233763135873049066e+01
7.401959996915644524e+02 2.139133783507432796e+01
7.575250258771912968e+02 2.063311228259843233e+01
7.752597488629464806e+02 1.987689152209702215e+01
7.934096665797492278e+02 1.909274676314541352e+01
8.119844993184009354e+02 1.823235142140502418e+01
8.309941949353395785e+02 1.741189988719888859e+01
8.504489341802677700e+02 1.657902873033201985e+01
8.703591361485165407e+02 1.563022731756257855e+01
8.907354638610439679e+02 1.458022553307082347e+01
9.115888299750818078e+02 1.354694202972260975e+01
9.329304026284686415e+02 1.233775078341307641e+01
9.547716114208066074e+02 1.115861018349403544e+01
9.771241535346501905e+02 9.784811866977303652e+00
1.000000000000000000e+03 8.418256861111018452e+00
