# Relative velocity [km/s], Impact Parameter [pc]
1.000000000000000000e+01 1.000000000000000048e-04
1.023411402105453227e+01 1.000000000000000048e-04
1.047370897959449820e+01 1.000000000000000048e-04
1.071891319205127502e+01 1.000000000000000048e-04
1.096985797892383552e+01 1.000000000000000048e-04
1.122667773510813660e+01 1.000000000000000048e-04
1.148951000187309113e+01 1.000000000000000048e-04
1.175849554052156876e+01 1.000000000000000048e-04
1.203377840777589292e+01 1.000000000000000048e-04
1.231550603292825485e+01 1.000000000000000048e-04
1.260382929679727404e+01 1.000000000000000048e-04
1.289890261253308701e+01 1.000000000000000048e-04
1.320088400831418163e+01 1.000000000000000048e-04
1.350993521198026492e+01 1.000000000000000048e-04
1.382622173764655749e+01 1.000000000000000048e-04
1.414991297434575834e+01 1.000000000000000048e-04
1.448118227674533820e+01 1.000000000000000048e-04
1.482020705798858629e+01 1.000000000000000048e-04
1.516716888470922520e+01 1.000000000000000048e-04
1.552225357427047214e+01 1.000000000000000048e-04
1.588565129428052636e+01 1.000000000000000048e-04
1.625755666443794212e+01 1.000000000000000048e-04
1.663816886076129009e+01 1.000000000000000048e-04
1.702769172225899652e+01 1.000000000000000048e-04
1.742633386009649854e+01 1.000000000000000048e-04
1.783430876931909381e+01 1.000000000000000048e-04
1.825183494319043476e+01 1.000000000000000048e-04
1.867913599020782911e+01 1.000000000000000048e-04
1.911644075385701669e+01 1.000000000000000048e-04
1.956398343517063765e+01 1.000000000000000048e-04
2.002200371815584390e+01 1.000000000000000048e-04
2.049074689815846995e+01 1.000000000000000048e-04
2.097046401323232701e+01 1.000000000000000048e-04
2.146141197858403515e+01 1.000000000000000048e-04
2.196385372416545678e+01 1.000000000000000048e-04
2.247805833548725118e+01 1.000000000000000048e-04
2.300430119772918047e+01 1.000000000000000048e-04
2.354286414322417897e+01 1.000000000000000048e-04
2.409403560239524467e+01 1.000000000000000048e-04
2.465811075822603726e+01 1.000000000000000048e-04
2.523539170434765921e+01 1.000000000000000048e-04
2.582618760682676040e+01 1.000000000000000048e-04
2.643081486974105587e+01 1.000000000000000048e-04
2.704959730463134449e+01 1.000000000000000048e-04
2.768286630392066527e+01 1.000000000000000048e-04
2.833096101839324277e+01 1.000000000000000048e-04
2.899422853882876794e+01 1.000000000000000048e-04
2.967302408188869478e+01 1.000000000000000048e-04
3.036771118035457562e+01 1.000000000000000048e-04
3.107866187782013867e+01 1.000000000000000048e-04
3.180625692794119175e+01 1.000000000000000048e-04
3.255088599835058005e+01 1.000000000000000048e-04
3.331294787934673707e+01 1.000000000000000048e-04
3.409285069746810848e+01 1.000000000000000048e-04
3.489101213406773638e+01 1.000000000000000048e-04
3.570785964900462517e+01 1.000000000000000048e-04
3.654383070957256052e+01 1.000000000000000048e-04
3.739937302478797676e+01 1.000000000000000048e-04
3.827494478516311460e+01 1.000000000000000048e-04
3.917101490809260866e+01 1.000000000000000048e-04
4.008806328898464244e+01 1.000000000000000048e-04
4.102658105827192259e+01 1.000000000000000048e-04
4.198707084443910276e+01 1.000000000000000048e-04
4.297004704320839608e+01 1.000000000000000048e-04
4.397603609302721139e+01 1.000000000000000048e-04
4.500557675700497384e+01 1.000000000000000048e-04
4.605922041145105794e+01 1.000000000000000048e-04
4.713753134116723942e+01 1.000000000000000048e-04
4.824108704165368522e+01 1.000000000000000048e-04
4.937047852839003781e+01 1.000000000000000048e-04
5.052631065335679494e+01 1.000000000000000048e-04
5.170920242896757912e+01 1.000000000000000048e-04
5.291978735958441860e+01 1.000000000000000048e-04
5.415871378079470588e+01 1.000000000000000048e-04
5.542664520663107197e+01 1.000000000000000048e-04
5.672426068491977702e+01 1.000000000000000048e-04
5.805225516094898808e+01 1.000000000000000048e-04
5.941133984965033932e+01 1.252486467681288040e+01
6.080224261649424022e+01 2.168630446741427065e+01
6.222570836730231036e+01 3.031545787459139873e+01
6.368249944718586164e+01 3.858416180274033991e+01
6.517339604882423032e+01 4.657764652364456026e+01
6.669919663030121626e+01 5.401417498347063884e+01
6.826071834272389083e+01 6.137871581333811122e+01
6.985879746785249722e+01 6.747986859078342547e+01
7.149428986597577307e+01 7.364105399198388113e+01
7.316807143427196536e+01 7.840034696353485799e+01
7.488103857590023438e+01 8.368005116270843757e+01
7.663410868007458987e+01 8.832537386618375308e+01
7.842822061337682271e+01 9.217408644289692177e+01
8.026433522257174502e+01 9.541194927231714473e+01
8.214343584919426178e+01 9.962592785518759797e+01
8.406652885618325399e+01 1.032743563465385819e+02
8.603464416684504101e+01 1.064441949577989988e+02
8.804883581643464652e+01 1.092191708466409494e+02
9.011018251665018397e+01 1.116642986726760967e+02
9.221978823334326592e+01 1.138302159207744779e+02
9.437878277775381264e+01 1.161944835791590265e+02
9.658832241158702914e+01 1.188776630838655848e+02
9.884959046625586154e+01 1.212801178759064413e+02
1.011637979766206996e+02 1.234368306919259339e+02
1.035321843295661637e+02 1.253771662801581641e+02
1.059560179277615930e+02 1.271235922001953753e+02
1.084365968689610895e+02 1.286933042417790602e+02
1.109752496412072134e+02 1.301015743610337267e+02
1.135733358343105124e+02 1.313613293709639720e+02
1.162322468679851823e+02 1.324840992423635271e+02
1.189534067370319548e+02 1.334777255842905674e+02
1.217382727739662016e+02 1.343489049096334611e+02
1.245883364295008136e+02 1.351026979712819696e+02
1.275051240713012817e+02 1.357433775662124162e+02
1.304901978014401607e+02 1.362738791810747330e+02
1.335451562929898728e+02 1.366958490477121870e+02
1.366716356462007411e+02 1.370097828109753948e+02
1.398713102647238600e+02 1.372154059957627510e+02
1.431458937523478596e+02 1.373117192594703226e+02
1.464971398307284858e+02 1.372963300244730647e+02
1.499268432786045651e+02 1.371663203617999329e+02
1.534368408930013175e+02 1.369181279998117589e+02
1.570290124729377510e+02 1.365461371345028567e+02
1.607052818261638549e+02 1.360444149428111871e+02
1.644676177994662680e+02 1.354076258749666408e+02
1.683180353330956791e+02 1.346280953462326124e+02
1.722585965398787380e+02 1.336967163922806492e+02
1.762914118095947913e+02 1.326040059496589549e+02
1.804186409392071653e+02 1.313393686009503085e+02
1.846424942895542642e+02 1.298913278901173101e+02
1.889652339691209590e+02 1.282466183050234179e+02
1.933891750455232170e+02 1.263920006841801467e+02
1.979166867853557505e+02 1.243136089824398596e+02
2.025501939230666437e+02 1.219962427965510869e+02
2.072921779595369856e+02 1.194237798030089834e+02
2.121451784910629783e+02 1.165815407550525293e+02
2.171117945694505238e+02 1.140006958439272324e+02
2.221946860939523845e+02 1.118058980877923858e+02
2.273965752357927386e+02 1.094149240082164596e+02
2.327202478960407177e+02 1.068221326647122424e+02
2.381685551976158308e+02 1.040318196302977327e+02
2.437444150122221629e+02 1.010483733798041754e+02
2.494508135230316554e+02 9.788731859516840927e+01
2.552908068239516695e+02 9.488811475738354773e+01
2.612675225563326649e+02 9.266355308326730267e+01
2.673841615839946826e+02 9.040831441570442450e+01
2.736439997074671737e+02 8.816898247254603405e+01
2.800503894183631246e+02 8.600392974700221771e+01
2.866067616948250247e+02 8.396817036175059457e+01
2.933166278390042407e+02 8.214317309495486086e+01
3.001835813575589214e+02 8.058789313764791018e+01
3.072112998861759365e+02 7.932630424273324365e+01
3.144035471591499800e+02 7.869948507781630553e+01
3.217641750250735413e+02 7.833991217993028044e+01
3.292971255097151584e+02 7.818587691076271540e+01
3.370064329271928045e+02 7.822907251344774693e+01
3.448962260405759821e+02 7.843785667047333732e+01
3.529707302730649872e+02 7.877894285792176277e+01
3.612342699709430462e+02 7.919331188645229247e+01
3.696912707195028247e+02 7.985964500213134443e+01
3.783462617131929164e+02 8.058148399350547209e+01
3.872038781812557318e+02 8.129419542209447513e+01
3.962688638701478112e+02 8.195962248414933526e+01
4.055460735840827624e+02 8.252649642753718240e+01
4.150404757850476472e+02 8.305597105783448342e+01
4.247571552536898594e+02 8.349145408471912333e+01
4.347013158125026280e+02 8.385138850100868524e+01
4.448782831127585382e+02 8.413309799881147910e+01
4.552935074866947502e+02 8.436334274373255937e+01
4.659525668664682030e+02 8.459009778110211641e+01
4.768611697714469528e+02 8.486300381099599122e+01
4.880251583654433603e+02 8.519467498411273709e+01
4.994505115855139934e+02 8.569074468885335705e+01
5.111433483440165446e+02 8.642970386455581888e+01
5.231099308056263908e+02 8.746764767871724189e+01
5.353566677410724424e+02 8.886375618309212143e+01
5.478901179593945017e+02 9.071278789309420176e+01
5.607169938205457811e+02 9.295013929489498139e+01
5.738441648302392650e+02 9.569004689064539093e+01
5.872786613189482523e+02 1.002775798372840512e+02
6.010276782070382069e+02 1.052474092315626706e+02
6.150985788580504732e+02 1.104332573779700795e+02
6.294988990221887661e+02 1.160734373435179378e+02
6.442363508721369953e+02 1.242177359263228453e+02
6.593188271333548300e+02 1.321469374497221452e+02
6.747544053110692630e+02 1.406943401389371218e+02
6.905513520162330678e+02 1.523084437033171525e+02
7.067181273927491247e+02 1.637604506032570555e+02
7.232633896483533817e+02 1.793649443251070750e+02
7.401959996915644524e+02 1.965742249931228685e+02
7.575250258771912968e+02 2.218708724112493655e+02
7.752597488629464806e+02 2.543016984640360363e+02
7.934096665797492278e+02 2.994247340188978797e+02
8.119844993184009354e+02 3.523777100344043447e+02
8.309941949353395785e+02 4.105448354700345703e+02
8.504489341802677700e+02 4.646933806846618609e+02
8.703591361485165407e+02 5.041709113644920990e+02
8.907354638610439679e+02 5.472922767655504686e+02
9.115888299750818078e+02 5.796498033169858672e+02
9.329304026284686415e+02 6.040347618015514399e+02
9.547716114208066074e+02 6.287257866980442031e+02
9.771241535346501905e+02 6.532670697258610062e+02
1.000000000000000000e+03 6.720733240253340455e+02
