# Relative velocity [km/s], Impact Parameter [pc]
1.000000000000000000e+01 1.000000000000000048e-04
1.023411402105453227e+01 1.000000000000000048e-04
1.047370897959449820e+01 1.000000000000000048e-04
1.071891319205127502e+01 1.000000000000000048e-04
1.096985797892383552e+01 1.000000000000000048e-04
1.122667773510813660e+01 1.000000000000000048e-04
1.148951000187309113e+01 1.000000000000000048e-04
1.175849554052156876e+01 1.000000000000000048e-04
1.203377840777589292e+01 1.000000000000000048e-04
1.231550603292825485e+01 1.000000000000000048e-04
1.260382929679727404e+01 1.000000000000000048e-04
1.289890261253308701e+01 1.000000000000000048e-04
1.320088400831418163e+01 1.000000000000000048e-04
1.350993521198026492e+01 1.000000000000000048e-04
1.382622173764655749e+01 1.000000000000000048e-04
1.414991297434575834e+01 1.000000000000000048e-04
1.448118227674533820e+01 1.000000000000000048e-04
1.482020705798858629e+01 1.000000000000000048e-04
1.516716888470922520e+01 1.000000000000000048e-04
1.552225357427047214e+01 1.000000000000000048e-04
1.588565129428052636e+01 1.000000000000000048e-04
1.625755666443794212e+01 1.000000000000000048e-04
1.663816886076129009e+01 1.000000000000000048e-04
1.702769172225899652e+01 1.000000000000000048e-04
1.742633386009649854e+01 1.000000000000000048e-04
1.783430876931909381e+01 1.000000000000000048e-04
1.825183494319043476e+01 1.000000000000000048e-04
1.867913599020782911e+01 1.000000000000000048e-04
1.911644075385701669e+01 1.000000000000000048e-04
1.956398343517063765e+01 1.000000000000000048e-04
2.002200371815584390e+01 1.000000000000000048e-04
2.049074689815846995e+01 1.000000000000000048e-04
2.097046401323232701e+01 1.000000000000000048e-04
2.146141197858403515e+01 1.000000000000000048e-04
2.196385372416545678e+01 1.000000000000000048e-04
2.247805833548725118e+01 1.000000000000000048e-04
2.300430119772918047e+01 1.000000000000000048e-04
2.354286414322417897e+01 1.000000000000000048e-04
2.409403560239524467e+01 1.000000000000000048e-04
2.465811075822603726e+01 1.000000000000000048e-04
2.523539170434765921e+01 1.000000000000000048e-04
2.582618760682676040e+01 1.000000000000000048e-04
2.643081486974105587e+01 1.000000000000000048e-04
2.704959730463134449e+01 1.000000000000000048e-04
2.768286630392066527e+01 1.000000000000000048e-04
2.833096101839324277e+01 1.000000000000000048e-04
2.899422853882876794e+01 1.000000000000000048e-04
2.967302408188869478e+01 1.000000000000000048e-04
3.036771118035457562e+01 1.000000000000000048e-04
3.107866187782013867e+01 1.000000000000000048e-04
3.180625692794119175e+01 1.000000000000000048e-04
3.255088599835058005e+01 1.000000000000000048e-04
3.331294787934673707e+01 1.000000000000000048e-04
3.409285069746810848e+01 1.000000000000000048e-04
3.489101213406773638e+01 1.000000000000000048e-04
3.570785964900462517e+01 1.000000000000000048e-04
3.654383070957256052e+01 1.000000000000000048e-04
3.739937302478797676e+01 1.000000000000000048e-04
3.827494478516311460e+01 1.000000000000000048e-04
3.917101490809260866e+01 1.000000000000000048e-04
4.008806328898464244e+01 1.000000000000000048e-04
4.102658105827192259e+01 1.000000000000000048e-04
4.198707084443910276e+01 1.000000000000000048e-04
4.297004704320839608e+01 1.000000000000000048e-04
4.397603609302721139e+01 1.000000000000000048e-04
4.500557675700497384e+01 1.000000000000000048e-04
4.605922041145105794e+01 1.000000000000000048e-04
4.713753134116723942e+01 1.000000000000000048e-04
4.824108704165368522e+01 1.000000000000000048e-04
4.937047852839003781e+01 1.000000000000000048e-04
5.052631065335679494e+01 1.000000000000000048e-04
5.170920242896757912e+01 1.000000000000000048e-04
5.291978735958441860e+01 1.000000000000000048e-04
5.415871378079470588e+01 1.000000000000000048e-04
5.542664520663107197e+01 1.000000000000000048e-04
5.672426068491977702e+01 1.000000000000000048e-04
5.805225516094898808e+01 1.000000000000000048e-04
5.941133984965033932e+01 1.000000000000000048e-04
6.080224261649424022e+01 1.000000000000000048e-04
6.222570836730231036e+01 1.000000000000000048e-04
6.368249944718586164e+01 1.000000000000000048e-04
6.517339604882423032e+01 1.000000000000000048e-04
6.669919663030121626e+01 1.000000000000000048e-04
6.826071834272389083e+01 1.000000000000000048e-04
6.985879746785249722e+01 1.953441359358722780e-04
7.149428986597577307e+01 7.525748951096983795e-04
7.316807143427196536e+01 1.971405367444670469e-03
7.488103857590023438e+01 4.441734552924777278e-03
7.663410868007458987e+01 8.317364720115672655e-03
7.842822061337682271e+01 1.426707256223769954e-02
8.026433522257174502e+01 2.203147391011786582e-02
8.214343584919426178e+01 3.219107518242431132e-02
8.406652885618325399e+01 4.451533015928887949e-02
8.603464416684504101e+01 5.912771104350087598e-02
8.804883581643464652e+01 7.538229773311046211e-02
9.011018251665018397e+01 9.326595862591821606e-02
9.221978823334326592e+01 1.126055667964204615e-01
9.437878277775381264e+01 1.329117793338419617e-01
9.658832241158702914e+01 1.542672728667893733e-01
9.884959046625586154e+01 1.755485604554582468e-01
1.011637979766206996e+02 1.972448880052603826e-01
1.035321843295661637e+02 2.192461261496663205e-01
1.059560179277615930e+02 2.405797683565669975e-01
1.084365968689610895e+02 2.617234735102553222e-01
1.109752496412072134e+02 2.818914290065157036e-01
1.135733358343105124e+02 3.000619202454482548e-01
1.162322468679851823e+02 3.193750838237704448e-01
1.189534067370319548e+02 3.360649723813650125e-01
1.217382727739662016e+02 3.505224613257907906e-01
1.245883364295008136e+02 3.636439458547151005e-01
1.275051240713012817e+02 3.761051825880027399e-01
1.304901978014401607e+02 3.861708325456638113e-01
1.335451562929898728e+02 3.938475902852072164e-01
1.366716356462007411e+02 3.990408256440977630e-01
1.398713102647238600e+02 4.016457435849891677e-01
1.431458937523478596e+02 4.014164835474580140e-01
1.464971398307284858e+02 3.980714301116732301e-01
1.499268432786045651e+02 3.914708872298497955e-01
1.534368408930013175e+02 3.810816816611385938e-01
1.570290124729377510e+02 3.662284829114835771e-01
1.607052818261638549e+02 3.484387248614125854e-01
1.644676177994662680e+02 3.268542024795912937e-01
1.683180353330956791e+02 2.991639308368636008e-01
1.722585965398787380e+02 2.697984160389488850e-01
1.762914118095947913e+02 2.354460755441876996e-01
1.804186409392071653e+02 1.983825754538072472e-01
1.846424942895542642e+02 1.600868471010276073e-01
1.889652339691209590e+02 1.216212955835816178e-01
1.933891750455232170e+02 8.601931344337808427e-02
1.979166867853557505e+02 5.513314779511107461e-02
2.025501939230666437e+02 3.137554177299203134e-02
2.072921779595369856e+02 1.573857919947712139e-02
2.121451784910629783e+02 7.270524641933694132e-03
2.171117945694505238e+02 3.810530515439088019e-03
2.221946860939523845e+02 3.542708924300621599e-03
2.273965752357927386e+02 7.907033361449877784e-03
2.327202478960407177e+02 3.175923840517313329e-02
2.381685551976158308e+02 1.258121927068831247e-01
2.437444150122221629e+02 4.045792964517993529e-01
2.494508135230316554e+02 9.859044568247197216e-01
2.552908068239516695e+02 1.950065132994750039e+00
2.612675225563326649e+02 3.302398051556892700e+00
2.673841615839946826e+02 5.034482544186315245e+00
2.736439997074671737e+02 7.039641585176998007e+00
2.800503894183631246e+02 9.374045813833266294e+00
2.866067616948250247e+02 1.184437637592460746e+01
2.933166278390042407e+02 1.445199146885280328e+01
3.001835813575589214e+02 1.716013863488601743e+01
3.072112998861759365e+02 1.987471091545449298e+01
3.144035471591499800e+02 2.244017312447961032e+01
3.217641750250735413e+02 2.491446915766389480e+01
3.292971255097151584e+02 2.717319134665455138e+01
3.370064329271928045e+02 2.925330247884621215e+01
3.448962260405759821e+02 3.091583149054884316e+01
3.529707302730649872e+02 3.267000331031003668e+01
3.612342699709430462e+02 3.425988255537026106e+01
3.696912707195028247e+02 3.566972228837153835e+01
3.783462617131929164e+02 3.695683533197821902e+01
3.872038781812557318e+02 3.831833430751505176e+01
3.962688638701478112e+02 3.976082101647877920e+01
4.055460735840827624e+02 4.094881914835413284e+01
4.150404757850476472e+02 4.189498974626254579e+01
4.247571552536898594e+02 4.254127230973457330e+01
4.347013158125026280e+02 4.288721828470684017e+01
4.448782831127585382e+02 4.293110444177527540e+01
4.552935074866947502e+02 4.268526133756412833e+01
4.659525668664682030e+02 4.217324595695812661e+01
4.768611697714469528e+02 4.141764015589962611e+01
4.880251583654433603e+02 4.043556943034905515e+01
4.994505115855139934e+02 3.929085257768311124e+01
5.111433483440165446e+02 3.804503632155498849e+01
5.231099308056263908e+02 3.700996440545981159e+01
5.353566677410724424e+02 3.611652580769784748e+01
5.478901179593945017e+02 3.531903307894500443e+01
5.607169938205457811e+02 3.461370617494379331e+01
5.738441648302392650e+02 3.405541325795187646e+01
5.872786613189482523e+02 3.360190470762220372e+01
6.010276782070382069e+02 3.323587937993787733e+01
6.150985788580504732e+02 3.291431234069785461e+01
6.294988990221887661e+02 3.258185469999601480e+01
6.442363508721369953e+02 3.221368916624705747e+01
6.593188271333548300e+02 3.176124662719107761e+01
6.747544053110692630e+02 3.122148721685814010e+01
6.905513520162330678e+02 3.073256138473268706e+01
7.067181273927491247e+02 3.014057309191564826e+01
7.232633896483533817e+02 2.944006394245425540e+01
7.401959996915644524e+02 2.861295524025216253e+01
7.575250258771912968e+02 2.763328605209252942e+01
7.752597488629464806e+02 2.651253990967678931e+01
7.934096665797492278e+02 2.541530334741509023e+01
8.119844993184009354e+02 2.431651090440472274e+01
8.309941949353395785e+02 2.305822388243257137e+01
8.504489341802677700e+02 2.162341405044167431e+01
8.703591361485165407e+02 2.038923639181168568e+01
8.907354638610439679e+02 1.898559972013546826e+01
9.115888299750818078e+02 1.751283665875926587e+01
9.329304026284686415e+02 1.613441768548341670e+01
9.547716114208066074e+02 1.459550353744413975e+01
9.771241535346501905e+02 1.311214902272952365e+01
1.000000000000000000e+03 1.164906406860415800e+01
