# Mass [GeV], Cross-section * Surface Density [M_sun/pc^2*cm^2]
1.000000000000000000e+00 9.999999999999999082e-31
1.151395399326447411e+00 9.999999999999999082e-31
1.325711365590109159e+00 5.828890067227292899e-40
1.526417967175233370e+00 8.910001032265877398e-42
1.757510624854791814e+00 3.931726565474152375e-42
2.023589647725156926e+00 2.702364650731298299e-42
2.329951810515372035e+00 1.903947067033548134e-42
2.682695795279725459e+00 1.109746797125721471e-42
3.088843596477480968e+00 7.475561918018767623e-43
3.556480306223128718e+00 5.683895656201881183e-43
4.094915062380425574e+00 4.547156901373554350e-43
4.714866363457393739e+00 3.756255479598423820e-43
5.428675439323859209e+00 3.171849388553171483e-43
6.250551925273972742e+00 2.718159863069278798e-43
7.196856730011519154e+00 2.356066111554628492e-43
8.286427728546843952e+00 2.057058464839974043e-43
9.540954763499939872e+00 1.801932516379989794e-43
1.098541141987558412e+01 1.580248280132224452e-43
1.264855216855295872e+01 1.387499912571918109e-43
1.456348477501243721e+01 1.218890822058834230e-43
1.676832936811008423e+01 1.072518852441228211e-43
1.930697728883249553e+01 9.483081460033738376e-44
2.222996482526194484e+01 8.451260738836657758e-44
2.559547922699535860e+01 7.605225600872381441e-44
2.947051702551809882e+01 6.914550522893044814e-44
3.393221771895328231e+01 6.348618437123794899e-44
3.906939937054617218e+01 5.883332172280917496e-44
4.498432668969446269e+01 5.496284982613392927e-44
5.179474679231209677e+01 5.180526898736694986e-44
5.963623316594642887e+01 4.933351783334019480e-44
6.866488450043001990e+01 4.755123393416438949e-44
7.906043210907697016e+01 4.646714368827974904e-44
9.102981779915216975e+01 4.608521949572360756e-44
1.048113134154685184e+02 4.640384076973605119e-44
1.206792640639328908e+02 4.742430928869915104e-44
1.389495494373137490e+02 4.915712292079879540e-44
1.599858719606057207e+02 5.162288100070772351e-44
1.842069969326716432e+02 5.485864670224723609e-44
2.120950887920190269e+02 5.891658620920354606e-44
2.442053094548649881e+02 6.386640429043566434e-44
2.811768697974230804e+02 6.979662126150266054e-44
3.237457542817643343e+02 7.681707378998530008e-44
3.727593720314937968e+02 8.505967213197588847e-44
4.291934260128778078e+02 9.468258142348063554e-44
4.941713361323833169e+02 1.058723403467099379e-43
5.689866029018293148e+02 1.188479071967461390e-43
6.551285568595509403e+02 1.338650635529098733e-43
7.543120063354615468e+02 1.512203186223165079e-43
8.685113737513520391e+02 1.712579598796492130e-43
1.000000000000000000e+03 1.943754455656185895e-43
