# Mass [GeV], Cross-section * Surface Density [M_sun/pc^2*cm^2]
1.000000000000000000e+00 9.999999999999999082e-31
1.151395399326447411e+00 9.999999999999999082e-31
1.325711365590109159e+00 3.370954520522911797e-34
1.526417967175233370e+00 9.602857036226052750e-35
1.757510624854791814e+00 1.869700800364096418e-35
2.023589647725156926e+00 5.944606330838080697e-37
2.329951810515372035e+00 5.446535430999804185e-38
2.682695795279725459e+00 3.055749992353164387e-38
3.088843596477480968e+00 3.421206205912240204e-37
3.556480306223128718e+00 8.051690388848449557e-37
4.094915062380425574e+00 4.374471994040884738e-39
4.714866363457393739e+00 3.404282545275384813e-40
5.428675439323859209e+00 6.844368542326826306e-41
6.250551925273972742e+00 2.113579709089319226e-41
7.196856730011519154e+00 8.349170247513080409e-42
8.286427728546843952e+00 3.896260017521895907e-42
9.540954763499939872e+00 2.062652142914294521e-42
1.098541141987558412e+01 1.205116294794910586e-42
1.264855216855295872e+01 7.631187636397382133e-43
1.456348477501243721e+01 5.189440521695957215e-43
1.676832936811008423e+01 3.761071614020156701e-43
1.930697728883249553e+01 2.884870224559051006e-43
2.222996482526194484e+01 2.326343810952743798e-43
2.559547922699535860e+01 1.957764821015054411e-43
2.947051702551809882e+01 1.703662864327059747e-43
3.393221771895328231e+01 1.517617851223909846e-43
3.906939937054617218e+01 1.370429580053536442e-43
4.498432668969446269e+01 1.245155762425854401e-43
5.179474679231209677e+01 1.134900062745139215e-43
5.963623316594642887e+01 1.039034666675169840e-43
6.866488450043001990e+01 9.594108645792747414e-44
7.906043210907697016e+01 8.979087136891576480e-44
9.102981779915216975e+01 8.548186327837287837e-44
1.048113134154685184e+02 8.293439682266316281e-44
1.206792640639328908e+02 8.202360131702674462e-44
1.389495494373137490e+02 8.263202629731032788e-44
1.599858719606057207e+02 8.468100769484071191e-44
1.842069969326716432e+02 8.812999452315526138e-44
2.120950887920190269e+02 9.298825535881642125e-44
2.442053094548649881e+02 9.930338832611979164e-44
2.811768697974230804e+02 1.071641296476230670e-43
3.237457542817643343e+02 1.166987289984993522e-43
3.727593720314937968e+02 1.280760486088050803e-43
4.291934260128778078e+02 1.415057779483410846e-43
4.941713361323833169e+02 1.572416240112399084e-43
5.689866029018293148e+02 1.755869094223259860e-43
6.551285568595509403e+02 1.968996008574730726e-43
7.543120063354615468e+02 2.215976775847148096e-43
8.685113737513520391e+02 2.501681382095278074e-43
1.000000000000000000e+03 2.831759578980184880e-43
