# Mass [GeV], Cross-section * Surface Density [M_sun/pc^2*cm^2]
1.000000000000000000e+00 9.999999999999999082e-31
1.151395399326447411e+00 9.999999999999999082e-31
1.325711365590109159e+00 9.999999999999999082e-31
1.526417967175233370e+00 9.999999999999999082e-31
1.757510624854791814e+00 9.999999999999999082e-31
2.023589647725156926e+00 9.999999999999999082e-31
2.329951810515372035e+00 9.999999999999999082e-31
2.682695795279725459e+00 9.999999999999999082e-31
3.088843596477480968e+00 9.999999999999999082e-31
3.556480306223128718e+00 9.999999999999999082e-31
4.094915062380425574e+00 9.999999999999999082e-31
4.714866363457393739e+00 9.999999999999999082e-31
5.428675439323859209e+00 9.999999999999999082e-31
6.250551925273972742e+00 9.999999999999999082e-31
7.196856730011519154e+00 9.999999999999999082e-31
8.286427728546843952e+00 9.999999999999999082e-31
9.540954763499939872e+00 9.999999999999999082e-31
1.098541141987558412e+01 9.999999999999999082e-31
1.264855216855295872e+01 9.999999999999999082e-31
1.456348477501243721e+01 9.999999999999999082e-31
1.676832936811008423e+01 9.999999999999999082e-31
1.930697728883249553e+01 9.999999999999999082e-31
2.222996482526194484e+01 9.999999999999999082e-31
2.559547922699535860e+01 9.999999999999999082e-31
2.947051702551809882e+01 9.999999999999999082e-31
3.393221771895328231e+01 9.999999999999999082e-31
3.906939937054617218e+01 9.999999999999999082e-31
4.498432668969446269e+01 9.999999999999999082e-31
5.179474679231209677e+01 9.999999999999999082e-31
5.963623316594642887e+01 9.999999999999999082e-31
6.866488450043001990e+01 9.999999999999999082e-31
7.906043210907697016e+01 3.457460652052083814e-26
9.102981779915216975e+01 1.031504917417173277e-30
1.048113134154685184e+02 5.989640508540606737e-34
1.206792640639328908e+02 3.004344655295657244e-36
1.389495494373137490e+02 7.162054531359805444e-38
1.599858719606057207e+02 5.219646161770324333e-39
1.842069969326716432e+02 8.423195331979277088e-40
2.120950887920190269e+02 2.382690621464045819e-40
2.442053094548649881e+02 9.977841664452703691e-41
2.811768697974230804e+02 5.306593375545270499e-41
3.237457542817643343e+02 2.795028549494718461e-41
3.727593720314937968e+02 1.294460605125185307e-41
4.291934260128778078e+02 6.503056182360989131e-42
4.941713361323833169e+02 3.957691322091471072e-42
5.689866029018293148e+02 2.848247649034081718e-42
6.551285568595509403e+02 2.312431060833461128e-42
7.543120063354615468e+02 2.041366673041479194e-42
8.685113737513520391e+02 1.911765127811601926e-42
1.000000000000000000e+03 1.868503759777169127e-42
