# Mass [GeV], Cross-section * Surface Density [M_sun/pc^2*cm^2]
1.000000000000000000e+00 2.031683393030878496e-41
1.151395399326447411e+00 1.208288004965714495e-41
1.325711365590109159e+00 8.926265556260724969e-42
1.526417967175233370e+00 4.205972551228971171e-42
1.757510624854791814e+00 1.547132101513845191e-42
2.023589647725156926e+00 9.919968057389853532e-43
2.329951810515372035e+00 7.342098474525412763e-43
2.682695795279725459e+00 5.782969762995800296e-43
3.088843596477480968e+00 4.726643136093761753e-43
3.556480306223128718e+00 3.954242704860519583e-43
4.094915062380425574e+00 3.355391698456548446e-43
4.714866363457393739e+00 2.869341927975499934e-43
5.428675439323859209e+00 2.454674193695947754e-43
6.250551925273972742e+00 2.089120310334669900e-43
7.196856730011519154e+00 1.768982484946234865e-43
8.286427728546843952e+00 1.486206233440586237e-43
9.540954763499939872e+00 1.241181788360632071e-43
1.098541141987558412e+01 1.034387878512903512e-43
1.264855216855295872e+01 8.629099592170635248e-44
1.456348477501243721e+01 7.205802741653567798e-44
1.676832936811008423e+01 6.028217205632361496e-44
1.930697728883249553e+01 5.080464881148623674e-44
2.222996482526194484e+01 4.348946235002155202e-44
2.559547922699535860e+01 3.799948707783642614e-44
2.947051702551809882e+01 3.398322322895516664e-44
3.393221771895328231e+01 3.112376341386397342e-44
3.906939937054617218e+01 2.917332644952788245e-44
4.498432668969446269e+01 2.793119194072178983e-44
5.179474679231209677e+01 2.726717644751984630e-44
5.963623316594642887e+01 2.708825622835683456e-44
6.866488450043001990e+01 2.733610480366114643e-44
7.906043210907697016e+01 2.797577540339388108e-44
9.102981779915216975e+01 2.899336915510050326e-44
1.048113134154685184e+02 3.039085980868641806e-44
1.206792640639328908e+02 3.218225709011646523e-44
1.389495494373137490e+02 3.439445051746441307e-44
1.599858719606057207e+02 3.706569733339809138e-44
1.842069969326716432e+02 4.024306494980758917e-44
2.120950887920190269e+02 4.398897213604170789e-44
2.442053094548649881e+02 4.837394440261377670e-44
2.811768697974230804e+02 5.348442340826347779e-44
3.237457542817643343e+02 5.942090641301125551e-44
3.727593720314937968e+02 6.630049209344462896e-44
4.291934260128778078e+02 7.425986896867007280e-44
4.941713361323833169e+02 8.345606022899016259e-44
5.689866029018293148e+02 9.407305307208936928e-44
6.551285568595509403e+02 1.063213298158479005e-43
7.543120063354615468e+02 1.204445035911599619e-43
8.685113737513520391e+02 1.367234583118709273e-43
1.000000000000000000e+03 1.554824903645862149e-43
