# Mass [GeV], Cross-section * Surface Density [M_sun/pc^2*cm^2]
1.000000000000000000e+00 9.999999999999999082e-31
1.151395399326447411e+00 9.999999999999999082e-31
1.325711365590109159e+00 6.154689545021329489e-40
1.526417967175233370e+00 9.404563042238938060e-42
1.757510624854791814e+00 4.147680148298008089e-42
2.023589647725156926e+00 2.847390029718501456e-42
2.329951810515372035e+00 2.004153563951696629e-42
2.682695795279725459e+00 1.168210458796243245e-42
3.088843596477480968e+00 7.864887884547442203e-43
3.556480306223128718e+00 5.973857728512367202e-43
4.094915062380425574e+00 4.774073284205743034e-43
4.714866363457393739e+00 3.939795286874191780e-43
5.428675439323859209e+00 3.323971569229742082e-43
6.250551925273972742e+00 2.846639647541843880e-43
7.196856730011519154e+00 2.466496414535936430e-43
8.286427728546843952e+00 2.153532395386120494e-43
9.540954763499939872e+00 1.887493310357979668e-43
1.098541141987558412e+01 1.657205547545754290e-43
1.264855216855295872e+01 1.457628483038740825e-43
1.456348477501243721e+01 1.283337830130330913e-43
1.676832936811008423e+01 1.132036111270091540e-43
1.930697728883249553e+01 1.003602282467983618e-43
2.222996482526194484e+01 8.970298159608336467e-44
2.559547922699535860e+01 8.099929088465863176e-44
2.947051702551809882e+01 7.394411874069695267e-44
3.393221771895328231e+01 6.821109668057171548e-44
3.906939937054617218e+01 6.352521786265263275e-44
4.498432668969446269e+01 5.962351052779918787e-44
5.179474679231209677e+01 5.641001779358159371e-44
5.963623316594642887e+01 5.384939082204308521e-44
6.866488450043001990e+01 5.195452918691593947e-44
7.906043210907697016e+01 5.075244102647967635e-44
9.102981779915216975e+01 5.026495195939519012e-44
1.048113134154685184e+02 5.050346512148029875e-44
1.206792640639328908e+02 5.147724711339694039e-44
1.389495494373137490e+02 5.320063925920484323e-44
1.599858719606057207e+02 5.569628249492635974e-44
1.842069969326716432e+02 5.900175555248894155e-44
2.120950887920190269e+02 6.317195325504924222e-44
2.442053094548649881e+02 6.827862456362881170e-44
2.811768697974230804e+02 7.441570918259928071e-44
3.237457542817643343e+02 8.169812293372429026e-44
3.727593720314937968e+02 9.026464991756703561e-44
4.291934260128778078e+02 1.002808725450400583e-43
4.941713361323833169e+02 1.119419050321624417e-43
5.689866029018293148e+02 1.254766010287901781e-43
6.551285568595509403e+02 1.411519051539368628e-43
7.543120063354615468e+02 1.592776979720223545e-43
8.685113737513520391e+02 1.802134007982965557e-43
1.000000000000000000e+03 2.043745817541985052e-43
