# Mass [GeV], Cross-section * Surface Density [M_sun/pc^2*cm^2]
1.000000000000000000e+00 9.999999999999999082e-31
1.151395399326447411e+00 9.999999999999999082e-31
1.325711365590109159e+00 5.829323984374464026e-40
1.526417967175233370e+00 8.910657244260092950e-42
1.757510624854791814e+00 3.932029817644429768e-42
2.023589647725156926e+00 2.702582769717206635e-42
2.329951810515372035e+00 1.904105339718916168e-42
2.682695795279725459e+00 1.109840262272928594e-42
3.088843596477480968e+00 7.476190670199105970e-43
3.556480306223128718e+00 5.684386090825858225e-43
4.094915062380425574e+00 4.547551926897489443e-43
4.714866363457393739e+00 3.756590512892548923e-43
5.428675439323859209e+00 3.172137745199033381e-43
6.250551925273972742e+00 2.718409204195437650e-43
7.196856730011519154e+00 2.356281806185756547e-43
8.286427728546843952e+00 2.057243947261105820e-43
9.540954763499939872e+00 1.802090290486585343e-43
1.098541141987558412e+01 1.580379223449313787e-43
1.264855216855295872e+01 1.387606468653413783e-43
1.456348477501243721e+01 1.218974229015830562e-43
1.676832936811008423e+01 1.072584847726443543e-43
1.930697728883249553e+01 9.483592256428607541e-44
2.222996482526194484e+01 8.451655154438881343e-44
2.559547922699535860e+01 7.605532771204840410e-44
2.947051702551809882e+01 6.914791026162422207e-44
3.393221771895328231e+01 6.348808992214437988e-44
3.906939937054617218e+01 5.883473250739877338e-44
4.498432668969446269e+01 5.496404378506790468e-44
5.179474679231209677e+01 5.180622688028427997e-44
5.963623316594642887e+01 4.933437523549623831e-44
6.866488450043001990e+01 4.755186661888017940e-44
7.906043210907697016e+01 4.646767307672036953e-44
9.102981779915216975e+01 4.608567166485374914e-44
1.048113134154685184e+02 4.640424213192427010e-44
1.206792640639328908e+02 4.742467474960830439e-44
1.389495494373137490e+02 4.915746860059422033e-44
1.599858719606057207e+02 5.162326946604785668e-44
1.842069969326716432e+02 5.485897399394791552e-44
2.120950887920190269e+02 5.891692650043895343e-44
2.442053094548649881e+02 6.386660801079051035e-44
2.811768697974230804e+02 6.979695170501418301e-44
3.237457542817643343e+02 7.681742231597318423e-44
3.727593720314937968e+02 8.506007181983993190e-44
4.291934260128778078e+02 9.468307334941571198e-44
4.941713361323833169e+02 1.058728684854424298e-43
5.689866029018293148e+02 1.188483874584921579e-43
6.551285568595509403e+02 1.338656202903049634e-43
7.543120063354615468e+02 1.512209459553734466e-43
8.685113737513520391e+02 1.712586885403836671e-43
1.000000000000000000e+03 1.943762668176609036e-43
