# Mass [GeV], Cross-section * Surface Density [M_sun/pc^2*cm^2]
1.000000000000000000e+00 9.999999999999999082e-31
1.151395399326447411e+00 9.999999999999999082e-31
1.325711365590109159e+00 3.800137494760130143e-41
1.526417967175233370e+00 5.782384895207470776e-43
1.757510624854791814e+00 3.172377262407074917e-43
2.023589647725156926e+00 2.714482926239812516e-43
2.329951810515372035e+00 2.070524518522875748e-43
2.682695795279725459e+00 1.159069068816607731e-43
3.088843596477480968e+00 8.056444088890035219e-44
3.556480306223128718e+00 6.494006262388276824e-44
4.094915062380425574e+00 5.390210641198018871e-44
4.714866363457393739e+00 4.548766858470937799e-44
5.428675439323859209e+00 3.887807638608899366e-44
6.250551925273972742e+00 3.354043708072750623e-44
7.196856730011519154e+00 2.920905267523065463e-44
8.286427728546843952e+00 2.561419327098260985e-44
9.540954763499939872e+00 2.254783932840032312e-44
1.098541141987558412e+01 1.988165940661989552e-44
1.264855216855295872e+01 1.754712933996720295e-44
1.456348477501243721e+01 1.543858251092898592e-44
1.676832936811008423e+01 1.349660617371421337e-44
1.930697728883249553e+01 1.172165379291991525e-44
2.222996482526194484e+01 1.013611190419473048e-44
2.559547922699535860e+01 8.766324759879202371e-45
2.947051702551809882e+01 7.625873712857676836e-45
3.393221771895328231e+01 6.710099294648223248e-45
3.906939937054617218e+01 6.001471676885313194e-45
4.498432668969446269e+01 5.469672939080346957e-45
5.179474679231209677e+01 5.090034185908776483e-45
5.963623316594642887e+01 4.838441584182341806e-45
6.866488450043001990e+01 4.695551840882127211e-45
7.906043210907697016e+01 4.646909874969638550e-45
9.102981779915216975e+01 4.682964498602208545e-45
1.048113134154685184e+02 4.797313298099738379e-45
1.206792640639328908e+02 4.987242887064048246e-45
1.389495494373137490e+02 5.252754843930035535e-45
1.599858719606057207e+02 5.596421648053792804e-45
1.842069969326716432e+02 6.023065464612090929e-45
2.120950887920190269e+02 6.539713409708512584e-45
2.442053094548649881e+02 7.155523056190239225e-45
2.811768697974230804e+02 7.881877597649966615e-45
3.237457542817643343e+02 8.732661149770672604e-45
3.727593720314937968e+02 9.724523630041042793e-45
4.291934260128778078e+02 1.087671530501200612e-44
4.941713361323833169e+02 1.221198088754409981e-44
5.689866029018293148e+02 1.375672010471158107e-44
6.551285568595509403e+02 1.554141558209962480e-44
7.543120063354615468e+02 1.760163283473689684e-44
8.685113737513520391e+02 1.997851534039153211e-44
1.000000000000000000e+03 2.271899073123052797e-44
