# Mass [GeV], Cross-section * Surface Density [M_sun/pc^2*cm^2]
1.000000000000000000e+00 9.999999999999999082e-31
1.151395399326447411e+00 9.999999999999999082e-31
1.325711365590109159e+00 1.408558384696314345e-39
1.526417967175233370e+00 2.201448641419304407e-41
1.757510624854791814e+00 1.087695468146081702e-41
2.023589647725156926e+00 8.935632508806081792e-42
2.329951810515372035e+00 7.087675565214252848e-42
2.682695795279725459e+00 4.041262024875928781e-42
3.088843596477480968e+00 2.917999895972367185e-42
3.556480306223128718e+00 2.522055299113327774e-42
4.094915062380425574e+00 2.273602727752029267e-42
4.714866363457393739e+00 2.057788686094123453e-42
5.428675439323859209e+00 1.813127740405265294e-42
6.250551925273972742e+00 1.517923306152998372e-42
7.196856730011519154e+00 1.201084195633088436e-42
8.286427728546843952e+00 9.058765117696925424e-43
9.540954763499939872e+00 6.649213032155082193e-43
1.098541141987558412e+01 4.856574525160985152e-43
1.264855216855295872e+01 3.590405885582322669e-43
1.456348477501243721e+01 2.722496435004181990e-43
1.676832936811008423e+01 2.129715572416246645e-43
1.930697728883249553e+01 1.718576284849216660e-43
2.222996482526194484e+01 1.423913697794617624e-43
2.559547922699535860e+01 1.203444011291861371e-43
2.947051702551809882e+01 1.031521232942836489e-43
3.393221771895328231e+01 8.936530746922151679e-44
3.906939937054617218e+01 7.826150110300197253e-44
4.498432668969446269e+01 6.934799916319535129e-44
5.179474679231209677e+01 6.240311475560455902e-44
5.963623316594642887e+01 5.718788051036672766e-44
6.866488450043001990e+01 5.346756544506363588e-44
7.906043210907697016e+01 5.103957258222983924e-44
9.102981779915216975e+01 4.973383863296992888e-44
1.048113134154685184e+02 4.942647251372364190e-44
1.206792640639328908e+02 5.006515315381489605e-44
1.389495494373137490e+02 5.156379845850731357e-44
1.599858719606057207e+02 5.390680294979928563e-44
1.842069969326716432e+02 5.711581618527152564e-44
2.120950887920190269e+02 6.128438985528090900e-44
2.442053094548649881e+02 6.644977380918616348e-44
2.811768697974230804e+02 7.269752971449995165e-44
3.237457542817643343e+02 8.014139170516453768e-44
3.727593720314937968e+02 8.889972491301458275e-44
4.291934260128778078e+02 9.911751199782976590e-44
4.941713361323833169e+02 1.110105253383739152e-43
5.689866029018293148e+02 1.248011901122741689e-43
6.551285568595509403e+02 1.407600019667221970e-43
7.543120063354615468e+02 1.592009189054064004e-43
8.685113737513520391e+02 1.804812080615614538e-43
1.000000000000000000e+03 2.050395081880138456e-43
